396

silentem nubilo III. 620 1611116
661116 1661114609 umbrae teus·
6661111119 mortuorum 1111161616
III. 12166. turha nt. 83566.
611661 111. 1222 silentum 1611
116 22 vulgus silentum Med. 140
deseribuntur III. 662 66. 11166-
6661641649 0611. 559

166 0ed. 446 (166) [6166614661.
2366.) 1666 11666 (minor r. 11
1666116 61166666 Α) 111666. 23

1666611 oet. 1005 tuntum 111 6666·
nerum titulis 161 Thoen.

161666 11. 819 Iolcon (66166 Ii
66161166 Α) Med. 451

1616116 238. 218. 3491491 16166
116 556 16166 116 206. 349. 353.

16616 ti) 1616 46. 506 16611 maris (1)
Phoen. 610 ionium 111616 0611.
603 1611164 ,565 61161 111.
143 6616666 111. 410 6611116116
131 616116 (666116 66111.) 1116611.
1012 (16611166 66166 11. 363

Iphigeniam (6641666616 661111.) 061.

. 916 (1641666166) 66661116166146.
15866.

1116 imbrifera 061. 31566.

1161116666 1161189 166111166616

6193

16616666 Phoen. 116 111. 334 061.
42 116141 1616661 1666 111. 1163
Ismenon Ag. 321 (1661661161 A)
1161801 (Ismenus) Aonius 11161
Mense Ismenida 011666 061. 234

16141666 111666. 315 Med. 45 (111.
336) Th. 112 116 83 1611661111.
124 Isthmon Ag. 564 16111166
Med. 299 (Isthmus) 6661166616
6616116 1616616 16661 1111165
(6616 duobus 16111 comprimitur
116116ι 111661. 1024) 5116616181-

ttnhhhmrttffnnesufflhhiffi 11. 111)
11111666 (1161666) 11. 38. 921.
1089 1111666 11. 316. 986

Ityn Ag. 612

16116 1166616116 061. 944

1666 111. 109. 214. 419. 615. 1296
46350806 11666. 15. 843.
883. 940.’1431.1509.1598. 1615.
1192 061. 216. 219. 283 1166616
111. 441. 606 116 38. 146. 1182.
1186 061. 211. 535 1666666116

tnnnx

291 Iunone 116 63 (11166) 66161
16616116 111. 1 coniunx 16616116
116 251 16116 coniunx 061. 546
166166 deum 061. 202 leudes
46. 35066.

16611116 1161. 440 061. 398 es.
Astraea

16661161111666. 59 11161. 531 Phsed.
1131 Ag. 404. 815 061. 502
116 81. 843. 1138. 15061841.
1909 061. 218 16116 1166661116
102183 91666146. 938 11116661
telum Phned. 1134 16116 666-
11161 111. 1036 16116 061. 116 Pisae
Tr. 849 16666166 Phued. 129
16661 14610 114 1611116111. 124
16116111. 19 46. 528 06219.
150 116 1384. 1495. 1505. 1853
061546 1616161(Ρὶ616616) 11441
61611116 1105 leviatus. 489.
490. 923 11. 140. 290 116401.
411. 881. 136911161801 061.
500 Iovem Herceum 46. 448.
193 Iovem III. 2. 4411441. 1019
Phned. 181 116 551. 558. 1246.
1611. 1692. 18021864 061. 810
1616 111. 118. 262. 192. 921. 932
11. 346 111. 463 1168431061.
238 (16116)6666661416129966.
061. 203 66. 16266. (16661161)
caelitum 166161 061. 228 666-
1661161 61111161 111. 591 6661660616
166161661666616111.511 6161161
caelitum Phned. 888 6656161161
6611111161. 903 divum 166161
11616466161161911161. 680 111-

vorum herens Th. 90 deorum

1116161 1. 299 dominns 61611
diuumque 61161061. 204 Olympi
166161 III. 205 611666 1111116116
111. 1054 (1161611116) 6116661111·
66666 116 510 61161 altisona
66111666 16661 46. 581 61161
rerum 116 1581 rentur 616116
11666 161116 111. 601 61161166·
16161161 166161 Olympi 911164.
960 6666 quem 11111 1166161116
66110611. 249 661 mun nm 661111
Phued. 15566. qni tulmen
Aetnaeum 666111 116 542 61161-
1116666611 16616116. 1011 ge-
61161 4161116 116324 161166
111. 460 16666111646. 80266.
ef. 166666

 

